desert.bts
tarr07
alen7
1 3
1
5400
225
225
TEAM 0 1
1
0
0
2
31 33 42 44 50 52 34 45 47 37 39 53 55 -1
0 0 0 0 0 0 0 0 -1
0 0 0 0 0 0 0 0 0 0 0 0 0 0 0 -1
5 106
0 0
1 -1 0 -1 0 -1 0 -1 0 -1 
0 0 0 0 0
0 0 0 0 0
0 0 0 0 0
0 0 0 0 0
0 0 0 0 0
0 0 0 0 0
0 0 0 0 0
0 0 0 0 0
TEAM 1 1
0
0
4
1
60 62 68 70 75 77 57 63 65 72 74 79 81 -1
0 0 1 0 0 0 0 0 -1
0 0 0 0 0 0 0 0 0 0 0 0 0 0 0 -1
100 26
0 0
1 -1 0 -1 0 -1 0 -1 0 -1 
0 0 0 0 0
0 0 0 0 0
0 0 0 0 0
0 0 0 0 0
0 0 0 0 0
0 0 0 0 0
0 0 0 0 0
0 0 0 0 0
TEAM 2 1
0
100
3
1
57 5 2 4 6 -1
0 1 0 0 0 0 0 0 -1
0 0 0 0 0 0 0 0 0 0 0 0 0 0 0 -1
13 32
13 25
1 -1 1 -1 1 -1 0 -1 0 -1 
0 0 0 0 0
0 0 0 0 0
0 0 0 0 0
0 0 0 0 0
0 0 0 0 0
0 0 0 0 0
0 0 0 0 0
0 0 0 0 0
TEAM 3 0
1
0
0
3
49 51 34 45 47 38 53 55 -1
0 0 0 0 0 0 0 0 -1
0 0 0 0 0 0 0 0 0 0 0 0 0 0 0 -1
16 93
0 0
1 -1 0 -1 0 -1 0 -1 0 -1 
0 0 0 0 0
0 0 0 0 0
0 0 0 0 0
0 0 0 0 0
0 0 0 0 0
0 0 0 0 0
0 0 0 0 0
0 0 0 0 0
TEAM 4 0
0
0
0
0
59 61 67 69 75 77 57 63 65 71 73 79 81 -1
0 0 0 0 0 0 0 0 -1
0 0 0 0 0 0 0 0 0 0 0 0 0 0 0 -1
54 57
0 0
1 -1 0 -1 0 -1 0 -1 0 -1 
0 0 0 0 0
0 0 0 0 0
0 0 0 0 0
0 0 0 0 0
0 0 0 0 0
0 0 0 0 0
0 0 0 0 0
0 0 0 0 0
TEAM 5 0
0
0
0
0
59 61 67 69 76 78 57 63 65 71 73 79 81 -1
0 0 0 0 0 0 0 0 -1
0 0 0 0 0 0 0 0 0 0 0 0 0 0 0 -1
54 57
0 0
1 -1 0 -1 0 -1 0 -1 0 -1 
0 0 0 0 0
0 0 0 0 0
0 0 0 0 0
0 0 0 0 0
0 0 0 0 0
0 0 0 0 0
0 0 0 0 0
0 0 0 0 0
TEAM 6 0
0
0
0
0
59 61 67 69 75 77 57 63 65 71 73 79 81 -1
0 0 0 0 0 0 0 0 -1
0 0 0 0 0 0 0 0 0 0 0 0 0 0 0 -1
54 57
0 0
1 -1 0 -1 0 -1 0 -1 0 -1 
0 0 0 0 0
0 0 0 0 0
0 0 0 0 0
0 0 0 0 0
0 0 0 0 0
0 0 0 0 0
0 0 0 0 0
0 0 0 0 0
TEAM 7 0
0
0
0
0
59 61 67 69 75 77 57 63 65 71 73 79 81 -1
0 0 0 0 0 0 0 0 -1
0 0 0 0 0 0 0 0 0 0 0 0 0 0 0 -1
54 57
0 0
1 -1 0 -1 0 -1 0 -1 0 -1 
0 0 0 0 0
0 0 0 0 0
0 0 0 0 0
0 0 0 0 0
0 0 0 0 0
0 0 0 0 0
0 0 0 0 0
0 0 0 0 0
124 96 12 0 -1 1
38 52 12 0 -1 1
4 107 89 0 -1 0
98 109 0 1 -1 0
59 107 4 1 -1 0
96 107 0 1 -1 0
47 106 3 1 -1 0
49 106 0 1 -1 0
59 106 4 1 -1 0
98 106 0 1 -1 0
45 105 3 1 -1 0
59 105 4 1 -1 0
45 104 0 1 -1 0
49 104 0 1 -1 0
59 104 4 1 -1 0
96 104 0 1 -1 0
47 103 3 1 -1 0
50 103 3 1 -1 0
45 102 3 1 -1 0
49 102 0 1 -1 0
47 101 3 1 -1 0
40 95 41 1 -1 0
51 95 41 1 -1 0
42 94 41 1 -1 0
49 94 41 1 -1 0
51 93 3 1 -1 0
39 92 3 1 -1 0
42 92 0 1 -1 0
49 91 0 1 -1 0
52 91 3 1 -1 0
40 90 3 1 -1 0
51 89 3 1 -1 0
42 88 3 1 -1 0
45 88 0 1 -1 0
50 87 3 1 -1 0
45 86 41 1 -1 0
50 73 0 1 -1 0
99 72 0 1 -1 0
96 71 0 1 -1 0
61 62 0 1 -1 0
59 61 0 1 -1 0
64 61 0 1 -1 0
12 59 0 1 -1 0
13 59 0 1 -1 0
59 59 3 1 -1 0
68 59 0 1 -1 0
11 58 0 1 -1 0
12 58 3 1 -1 0
13 58 3 1 -1 0
14 58 0 1 -1 0
63 58 3 1 -1 0
10 57 3 1 -1 0
15 57 3 1 -1 0
65 56 3 1 -1 0
12 55 3 1 -1 0
13 55 3 1 -1 0
62 55 3 1 -1 0
14 46 4 1 -1 0
15 46 4 1 -1 0
16 46 4 1 -1 0
17 46 4 1 -1 0
10 32 2 1 -1 0
17 32 2 1 -1 0
6 29 2 1 -1 0
21 28 2 1 -1 0
54 23 3 1 -1 0
57 23 0 1 -1 0
52 21 0 1 -1 0
55 21 3 1 -1 0
58 20 3 1 -1 0
79 20 4 1 -1 0
83 20 3 1 -1 0
87 20 4 1 -1 0
53 19 0 1 -1 0
81 19 4 1 -1 0
85 19 0 1 -1 0
51 18 0 1 -1 0
56 18 0 1 -1 0
88 18 3 1 -1 0
81 17 3 1 -1 0
84 17 3 1 -1 0
101 17 0 1 -1 0
86 16 4 1 -1 0
89 16 0 1 -1 0
99 16 0 1 -1 0
78 15 0 1 -1 0
87 15 3 1 -1 0
82 14 0 1 -1 0
85 13 0 1 -1 0
27 9 0 1 -1 0
23 7 3 1 -1 0
29 5 0 1 -1 0
17 4 3 1 -1 0
22 4 0 1 -1 0
22 1 3 1 -1 0
27 1 0 1 -1 0
5 23 6 2 -1 0
115 107 40 0 15000
69 96 25 -1 3 4
95 85 25 -1 3 4
40 79 25 -1 3 4
64 76 25 -1 3 4
82 73 25 -1 3 4
20 70 25 -1 3 4
103 61 25 -1 3 4
2 60 25 -1 3 4
39 59 25 -1 3 4
90 57 25 -1 3 4
5 46 40 0 15000
105 46 40 0 15000
56 39 25 -1 3 4
120 35 25 -1 3 4
68 24 25 -1 3 4
105 24 40 0 15000
3 20 40 20 25000
14 9 25 -1 3 4
116 9 40 0 20000
44 3 40 0 15000
63 1 25 -1 3 4
90
90
210
900
115 107 40 10 15000
5 46 40 10 15000
105 46 40 15 15000
105 24 40 10 15000
116 9 40 20 20000
44 3 40 15 15000
special.bts
globo07
OSPREY V
1 8
1
6750
5250
225
TEAM 0 1
0
0
0
0
76 78 57 64 66 72 74 79 81 -1
0 1 1 1 1 1 0 0 -1
0 0 0 0 0 0 0 0 0 0 0 0 0 0 0 -1
22 5
0 0
0 -1 0 -1 0 -1 0 -1 0 -1 
0 0 2 2 0
0 0 2 2 0
0 0 2 2 0
0 0 0 0 0
0 0 0 0 0
0 0 2 2 0
0 0 2 2 0
0 0 2 2 0
TEAM 1 1
0
0
4
1
76 78 57 64 66 71 73 79 81 -1
1 0 1 1 0 1 1 1 -1
0 0 0 0 0 0 0 0 0 0 0 0 0 0 0 -1
44 47
0 0
1 -1 0 -1 0 -1 0 -1 0 -1 
0 0 0 0 0
0 0 0 0 0
0 0 0 0 0
0 0 0 0 0
0 0 0 0 0
0 0 0 0 0
0 0 0 0 0
0 0 0 0 0
TEAM 2 1
1
0
4
2
41 43 50 52 34 28 45 47 37 39 27 53 55 84 20 -1
1 1 0 1 0 1 1 1 -1
0 0 0 0 0 0 0 0 0 0 0 0 0 0 0 -1
39 48
0 0
1 -1 1 -1 1 -1 1 -1 0 -1 
0 0 0 0 0
0 0 0 0 0
0 0 0 0 0
0 0 0 0 0
0 0 0 0 0
0 0 0 0 0
0 0 0 0 0
0 0 0 0 0
TEAM 3 1
0
0
0
0
75 77 57 63 65 72 79 81 -1
1 1 1 0 1 0 1 1 -1
0 0 0 0 0 0 0 0 0 0 0 0 0 0 0 -1
142 16
152 6
1 -1 1 -1 2 -1 2 -1 1 -1 
0 0 2 2 0
0 0 2 2 0
0 0 2 2 0
0 0 0 0 0
0 0 0 0 0
0 0 2 2 0
0 0 2 2 0
0 0 2 2 0
TEAM 4 1
0
0
0
0
60 62 68 70 75 77 57 63 65 71 73 79 81 -1
1 0 0 1 0 1 0 0 -1
0 0 0 0 0 0 0 0 0 0 0 0 0 0 0 -1
5 4
0 0
1 -1 0 -1 0 -1 0 -1 0 -1 
0 0 2 2 0
0 0 2 2 0
0 0 2 2 0
0 0 0 0 0
0 0 0 0 0
0 0 2 2 0
0 0 2 2 0
0 0 2 2 0
TEAM 5 1
1
0
3
5
30 32 41 43 50 52 34 28 45 47 37 39 27 53 55 84 20 -1
1 1 1 0 1 0 1 1 -1
0 0 0 0 0 0 0 0 0 0 0 0 0 0 0 -1
118 33
0 0
1 -1 1 -1 1 -1 1 -1 0 -1 
0 0 0 0 0
0 0 0 0 0
0 0 0 0 0
0 0 0 0 0
0 0 0 0 0
0 0 0 0 0
0 0 0 0 0
0 0 0 0 0
TEAM 6 1
1
0
0
5
30 32 41 43 49 51 34 45 47 37 39 53 55 -1
0 1 1 1 0 1 0 1 -1
0 0 0 0 0 0 0 0 0 0 0 0 0 0 0 -1
91 6
0 0
1 -1 0 -1 0 -1 0 -1 0 -1 
0 0 2 2 0
0 0 2 2 0
0 0 2 2 0
0 0 0 0 0
0 0 0 0 0
0 0 2 2 0
0 0 2 2 0
0 0 2 2 0
TEAM 7 1
0
0
4
7
59 61 67 69 75 77 57 63 65 71 73 79 81 -1
0 1 1 1 0 1 1 0 -1
0 0 0 0 0 0 0 0 0 0 0 0 0 0 0 -1
32 129
0 0
1 -1 0 -1 0 -1 0 -1 0 -1 
0 0 0 0 0
0 0 0 0 0
0 0 0 0 0
0 0 0 0 0
0 0 0 0 0
0 0 0 0 0
0 0 0 0 0
0 0 0 0 0
144 26 94 0 -1 0
138 24 94 0 -1 0
146 20 94 0 -1 0
154 19 94 0 -1 0
132 18 94 0 -1 0
141 15 94 0 -1 0
134 14 94 0 -1 0
152 12 94 0 -1 0
146 8 94 0 -1 0
136 7 94 0 -1 0
20 6 84 0 -1 0
158 6 94 0 -1 0
140 1 94 0 -1 0
152 0 94 0 -1 0
40 50 73 2 -1 0
142 29 45 3 -1 0
143 29 45 3 -1 0
144 29 45 3 -1 0
141 28 45 3 -1 0
143 28 45 3 -1 0
139 27 45 3 -1 0
140 27 45 3 -1 0
141 27 45 3 -1 0
142 27 45 3 -1 0
143 27 45 3 -1 0
144 27 45 3 -1 0
138 26 45 3 -1 0
141 26 45 3 -1 0
143 26 45 3 -1 0
145 26 45 3 -1 0
137 25 45 3 -1 0
139 25 45 3 -1 0
140 25 45 3 -1 0
141 25 45 3 -1 0
142 25 45 3 -1 0
144 25 45 3 -1 0
145 25 45 3 -1 0
137 24 45 3 -1 0
139 24 45 3 -1 0
140 24 45 3 -1 0
142 24 45 3 -1 0
143 24 45 3 -1 0
144 24 45 3 -1 0
146 24 45 3 -1 0
147 24 45 3 -1 0
135 23 45 3 -1 0
136 23 45 3 -1 0
138 23 45 3 -1 0
139 23 45 3 -1 0
141 23 45 3 -1 0
142 23 45 3 -1 0
144 23 45 3 -1 0
145 23 45 3 -1 0
146 23 45 3 -1 0
134 22 45 3 -1 0
136 22 45 3 -1 0
137 22 45 3 -1 0
138 22 45 3 -1 0
139 22 45 3 -1 0
140 22 45 3 -1 0
141 22 45 3 -1 0
142 22 45 3 -1 0
143 22 45 3 -1 0
144 22 45 3 -1 0
133 21 45 3 -1 0
134 21 45 3 -1 0
135 21 45 3 -1 0
136 21 45 3 -1 0
138 21 45 3 -1 0
139 21 45 3 -1 0
140 21 45 3 -1 0
142 21 45 3 -1 0
143 21 45 3 -1 0
132 20 45 3 -1 0
134 20 45 3 -1 0
135 20 45 3 -1 0
136 20 45 3 -1 0
137 20 45 3 -1 0
138 20 45 3 -1 0
139 20 45 3 -1 0
141 20 45 3 -1 0
142 20 45 3 -1 0
147 20 41 3 -1 0
131 19 45 3 -1 0
132 19 45 3 -1 0
133 19 45 3 -1 0
135 19 45 3 -1 0
136 19 45 3 -1 0
137 19 45 3 -1 0
138 19 45 3 -1 0
140 19 45 3 -1 0
141 19 45 3 -1 0
131 18 45 3 -1 0
133 18 45 3 -1 0
134 18 45 3 -1 0
135 18 45 3 -1 0
137 18 45 3 -1 0
138 18 45 3 -1 0
139 18 45 3 -1 0
140 18 45 3 -1 0
129 17 45 3 -1 0
130 17 45 3 -1 0
131 17 45 3 -1 0
132 17 45 3 -1 0
133 17 45 3 -1 0
135 17 45 3 -1 0
136 17 45 3 -1 0
137 17 45 3 -1 0
139 17 45 3 -1 0
149 17 41 3 -1 0
151 17 2 3 -1 0
154 17 2 3 -1 0
156 17 41 3 -1 0
129 16 45 3 -1 0
131 16 45 3 -1 0
133 16 45 3 -1 0
134 16 45 3 -1 0
135 16 45 3 -1 0
137 16 45 3 -1 0
138 16 45 3 -1 0
146 16 2 3 -1 0
131 15 45 3 -1 0
132 15 45 3 -1 0
133 15 45 3 -1 0
134 15 45 3 -1 0
135 15 45 3 -1 0
136 15 45 3 -1 0
137 15 45 3 -1 0
143 15 41 3 -1 0
145 15 0 3 -1 0
149 15 3 3 -1 0
152 15 0 3 -1 0
153 15 0 3 -1 0
156 15 3 3 -1 0
131 14 45 3 -1 0
133 14 45 3 -1 0
135 14 45 3 -1 0
136 14 45 3 -1 0
147 14 3 3 -1 0
131 13 45 3 -1 0
132 13 45 3 -1 0
133 13 45 3 -1 0
135 13 45 3 -1 0
143 13 0 3 -1 0
145 13 3 3 -1 0
147 13 4 3 -1 0
149 13 49 3 -1 0
152 13 4 3 -1 0
155 13 49 3 -1 0
157 13 4 3 -1 0
133 12 45 3 -1 0
134 12 45 3 -1 0
142 12 2 3 -1 0
138 11 41 3 -1 0
144 11 3 3 -1 0
145 11 4 3 -1 0
141 9 41 3 -1 0
143 9 3 3 -1 0
145 9 49 3 -1 0
141 7 2 3 -1 0
143 6 0 3 -1 0
145 6 4 3 -1 0
143 5 0 3 -1 0
141 4 2 3 -1 0
145 3 49 3 -1 0
141 2 41 3 -1 0
143 2 3 3 -1 0
145 1 4 3 -1 0
10 6 122 4 -1 0
95 50 12 6 -1 0
93 49 10 6 -1 0
94 48 10 6 -1 0
95 48 12 6 -1 0
93 47 10 6 -1 0
94 46 10 6 -1 0
95 46 12 6 -1 0
93 45 10 6 -1 0
95 44 12 6 -1 0
84 12 11 6 -1 0
82 10 12 6 -1 0
80 9 46 6 -1 0
81 9 10 6 -1 0
82 9 46 6 -1 0
83 9 46 6 -1 0
84 9 12 6 -1 0
80 8 42 6 -1 0
81 8 46 6 -1 0
83 8 10 6 -1 0
84 8 46 6 -1 0
86 8 11 6 -1 0
80 7 46 6 -1 0
82 7 42 6 -1 0
83 7 46 6 -1 0
81 6 46 6 -1 0
82 6 46 6 -1 0
84 6 10 6 -1 0
85 6 12 6 -1 0
87 6 11 6 -1 0
80 5 46 6 -1 0
82 5 42 6 -1 0
83 5 46 6 -1 0
80 4 42 6 -1 0
81 4 46 6 -1 0
83 4 10 6 -1 0
84 4 46 6 -1 0
86 4 11 6 -1 0
81 3 10 6 -1 0
82 3 46 6 -1 0
83 3 46 6 -1 0
84 3 12 6 -1 0
82 2 12 6 -1 0
84 0 11 6 -1 0
104 138 80 7 -1 0
107 138 80 7 -1 0
105 137 0 7 150 0
103 136 80 7 -1 0
105 135 80 7 -1 0
107 135 80 7 -1 0
105 134 0 7 150 0
24 133 79 7 -1 0
103 133 80 7 -1 0
107 133 80 7 -1 0
28 132 80 7 -1 0
30 132 79 7 -1 0
34 132 80 7 -1 0
38 131 79 7 -1 0
30 130 0 7 150 0
28 127 79 7 -1 0
35 127 79 7 -1 0
26 126 0 7 150 0
39 126 80 7 -1 0
34 125 0 7 150 0
28 124 80 7 -1 0
35 124 80 7 -1 0
30 123 0 7 150 0
32 123 80 7 -1 0
37 122 79 7 -1 0
24 91 87 7 175 0
25 91 87 7 175 0
26 91 87 7 175 0
27 91 87 7 175 0
28 91 87 7 175 0
29 91 87 7 175 0
114 82 80 7 -1 0
117 81 80 7 -1 0
115 80 0 7 150 0
117 79 0 7 150 0
119 79 80 7 -1 0
115 78 80 7 -1 0
121 78 80 7 -1 0
118 76 80 7 -1 0
121 76 80 7 -1 0
74 52 79 7 -1 0
79 52 79 7 -1 0
82 52 0 7 150 0
85 52 79 7 -1 0
77 51 0 7 150 0
70 49 79 7 -1 0
76 49 79 7 -1 0
82 49 79 7 -1 0
96 49 46 7 -1 0
97 49 46 7 -1 0
98 49 46 7 -1 0
99 49 46 7 -1 0
100 49 46 7 -1 0
96 48 46 7 -1 0
97 48 46 7 -1 0
98 48 46 7 -1 0
99 48 46 7 -1 0
100 48 46 7 -1 0
103 48 46 7 -1 0
96 47 46 7 -1 0
97 47 46 7 -1 0
98 47 46 7 -1 0
99 47 46 7 -1 0
100 47 46 7 -1 0
101 47 46 7 -1 0
102 47 46 7 -1 0
103 47 46 7 -1 0
96 46 46 7 -1 0
97 46 46 7 -1 0
98 46 46 7 -1 0
99 46 46 7 -1 0
100 46 46 7 -1 0
101 46 46 7 -1 0
102 46 46 7 -1 0
103 46 46 7 -1 0
96 45 46 7 -1 0
97 45 46 7 -1 0
98 45 46 7 -1 0
99 45 46 7 -1 0
100 45 46 7 -1 0
101 45 46 7 -1 0
97 44 46 7 -1 0
98 44 46 7 -1 0
99 44 46 7 -1 0
100 44 46 7 -1 0
97 43 46 7 -1 0
98 43 46 7 -1 0
99 43 46 7 -1 0
48 13 79 7 -1 0
48 11 79 7 -1 0
46 9 79 7 -1 0
48 7 79 7 -1 0
46 136 40 0 18000
126 136 40 0 15000
105 72 40 0 15000
46 71 40 0 20000
74 44 40 0 15000
94 18 40 0 18000
7 6 40 0 15000
90
90
120
900
46 136 40 0 18000
126 136 40 0 15000
105 72 40 0 15000
46 71 40 0 20000
74 44 40 0 15000
94 18 40 0 18000
7 6 40 0 15000
